DIFF_MIN=0.254902
DIFF_AVG=0.4215687
DIFF_MAX=0.5882353
NUM_DER=13
NUM_OUT=2
NUM_TP=5
