DIFF_MIN=0.1686275
DIFF_AVG=0.6869281
DIFF_MAX=0.9803922
NUM_DER=21
NUM_OUT=4
NUM_TP=4
