DIFF_MIN=0.2313726
DIFF_AVG=0.6006536
DIFF_MAX=0.8235294
NUM_DER=5
NUM_OUT=24
NUM_TP=6
