DIFF_MIN=0.254902
DIFF_AVG=0.4516807
DIFF_MAX=0.5882353
NUM_DER=37
NUM_OUT=3
NUM_TP=5
