DIFF_MIN=0.254902
DIFF_AVG=0.4852941
DIFF_MAX=0.627451
NUM_DER=20
NUM_OUT=0
NUM_TP=2
