DIFF_MIN=0.2117647
DIFF_AVG=0.5286181
DIFF_MAX=0.7960784
NUM_DER=12
NUM_OUT=29
NUM_TP=4
