DIFF_MIN=0.254902
DIFF_AVG=0.4637255
DIFF_MAX=0.5882353
NUM_DER=30
NUM_OUT=2
NUM_TP=1
