DIFF_MIN=0.254902
DIFF_AVG=0.4941176
DIFF_MAX=0.627451
NUM_DER=17
NUM_OUT=9
NUM_TP=2
