DIFF_MIN=0.1921569
DIFF_AVG=0.6263399
DIFF_MAX=0.9843137
NUM_DER=27
NUM_OUT=5
NUM_TP=2
