DIFF_MIN=0.5882353
DIFF_AVG=0.9176471
DIFF_MAX=1
NUM_DER=43
NUM_OUT=0
NUM_TP=9
