DIFF_MIN=0.254902
DIFF_AVG=0.4777778
DIFF_MAX=0.5882353
NUM_DER=29
NUM_OUT=2
NUM_TP=3
