DIFF_MIN=0.254902
DIFF_AVG=0.4705882
DIFF_MAX=0.627451
NUM_DER=24
NUM_OUT=6
NUM_TP=2
